n = 100
r = 50
s = 2
Elapsed time = 0.000 seconds.
7404
20869
23871
44492
46711
51154
52596
59254
61779
75709
78791
94623
103169
116396
121837
132905
166672
213114
215750
218579
221911
239643
241089
256898
256938
280368
324257
324397
331404
332314
336879
347129
352590
367088
375801
387409
389969
393492
393717
410300
415056
424172
440789
445204
462895
483856
484579
497407
500958
527883
530529
531870
532779
535125
549215
571674
584580
586071
611639
618863
622730
634728
641716
644777
649365
662471
667606
668168
676769
691576
701132
706880
707993
713627
727237
739024
765585
768938
770529
773273
784003
773917
781138
800991
830354
840346
845225
845615
863072
870736
873350
886901
909390
917624
926201
930767
935079
951396
955607
998631
